256
130
161
150
197
162
157
88
141
87
97
39
156
188
109
81
112
142
161
85
177
83
180
92
142
87
182
182
84
155
166
121
208
122
170
156
108
66
112
105
97
76
101
199
69
140
64
89
177
72
112
114
173
120
77
120
141
95
110
149
91
139
213
55
157
127
83
141
68
162
122
77
156
116
143
134
141
77
110
169
136
136
138
155
125
185
108
129
156
110
139
108
92
105
149
110
201
124
159
163
168
178
121
159
110
82
144
97
159
161
156
123
156
154
106
148
97
122
89
90
126
157
168
121
160
86
161
125
154
162
124
129
175
175
117
128
154
92
105
202
84
121
178
163
149
120
88
63
99
150
146
128
113
120
178
178
176
144
110
154
128
165
153
79
116
86
166
79
139
132
145
232
101
66
140
117
124
73
17
155
135
197
122
151
143
223
129
204
126
93
112
94
158
101
41
159
64
122
189
123
62
76
99
52
95
124
139
133
179
130
198
155
76
205
82
58
123
122
73
86
173
143
73
119
155
68
162
125
136
120
114
137
151
165
100
178
101
112
65
158
59
190
157
134
70
174
84
148
85
123
129
78
150
108
143
152
90
